1 0:00.11 2048 0.00 0.11
2 0:00.06 2140 0.00 0.06
3 0:00.07 2148 0.00 0.07
4 0:00.07 2140 0.00 0.06
5 0:00.06 2148 0.01 0.05
6 0:00.07 2152 0.00 0.06
7 0:00.07 2096 0.00 0.06
8 0:00.07 2084 0.01 0.05
9 0:00.07 2092 0.00 0.06
10 0:00.07 2156 0.00 0.06
11 0:00.06 2136 0.00 0.06
12 0:00.06 2084 0.01 0.05
13 0:00.06 2152 0.00 0.06
14 0:00.06 2132 0.00 0.06
15 0:00.07 2144 0.01 0.06
16 0:00.07 2080 0.00 0.06
17 0:00.06 2160 0.01 0.05
18 0:00.07 2148 0.00 0.07
19 0:00.06 2160 0.00 0.06
20 0:00.07 2148 0.00 0.07
21 0:00.07 2152 0.00 0.06
22 0:00.06 2080 0.00 0.06
23 0:00.07 2152 0.00 0.07
24 0:00.07 2160 0.00 0.06
25 0:00.06 2136 0.00 0.06
26 0:00.06 2152 0.00 0.06
27 0:00.06 2148 0.00 0.06
28 0:00.06 2092 0.00 0.06
29 0:00.06 2140 0.00 0.06
30 0:00.06 2140 0.00 0.06
31 0:00.06 2152 0.00 0.06
32 0:00.07 2140 0.01 0.05
33 0:00.07 2148 0.00 0.06
34 0:00.07 2140 0.00 0.07
35 0:00.06 2148 0.01 0.05
36 0:00.06 2148 0.01 0.05
37 0:00.07 2140 0.00 0.06
38 0:00.08 2092 0.00 0.08
39 0:00.07 2084 0.00 0.06
40 0:00.07 2084 0.01 0.05
41 0:00.06 2048 0.00 0.05
42 0:00.07 2088 0.01 0.05
43 0:00.07 2140 0.00 0.07
44 0:00.07 2092 0.00 0.06
45 0:00.07 2084 0.00 0.07
46 0:00.07 2148 0.00 0.06
47 0:00.06 2088 0.01 0.05
48 0:00.07 2072 0.00 0.07
49 0:00.06 2140 0.00 0.06
50 0:00.08 2160 0.01 0.06
