1 0:00.29 3152 0.02 0.26
2 0:00.33 3184 0.02 0.28
3 0:00.29 3240 0.02 0.26
4 0:00.29 3244 0.01 0.26
5 0:00.34 3192 0.02 0.29
6 0:00.29 3300 0.01 0.27
7 0:00.28 3220 0.01 0.26
8 0:00.33 3140 0.02 0.30
9 0:00.29 3296 0.02 0.26
10 0:00.29 3268 0.01 0.27
11 0:00.32 3272 0.02 0.29
12 0:00.29 3096 0.02 0.27
13 0:00.28 3208 0.00 0.27
14 0:00.07 3176 0.00 0.06
15 0:00.31 3144 0.02 0.29
16 0:00.32 3312 0.01 0.29
17 0:00.31 3280 0.01 0.26
18 0:00.30 3232 0.02 0.27
19 0:00.30 3144 0.01 0.28
20 0:00.08 3276 0.01 0.07
21 0:00.29 3164 0.01 0.27
22 0:00.29 3132 0.02 0.26
23 0:00.11 3388 0.00 0.10
24 0:00.13 3184 0.00 0.12
25 0:00.11 3328 0.00 0.11
26 0:00.23 3240 0.00 0.22
27 0:00.27 3172 0.01 0.25
28 0:00.12 3192 0.01 0.10
29 0:00.11 3296 0.01 0.09
30 0:00.23 3172 0.01 0.22
31 0:00.12 3200 0.00 0.11
32 0:00.12 3400 0.01 0.11
33 0:00.08 3144 0.01 0.19
34 0:00.27 3352 0.00 0.25
35 0:00.15 3380 0.01 0.13
36 0:00.18 3236 0.01 0.16
37 0:00.29 3140 0.01 0.27
38 0:00.11 3324 0.00 0.10
39 0:00.21 3272 0.01 0.20
40 0:00.22 3236 0.01 0.18
41 0:00.29 3284 0.02 0.27
42 0:00.08 3244 0.01 0.06
43 0:00.18 3156 0.00 0.17
44 0:00.18 3400 0.01 0.16
45 0:00.19 3204 0.01 0.17
46 0:00.15 3176 0.00 0.13
47 0:00.28 3336 0.01 0.26
48 0:00.28 3252 0.01 0.27
49 0:00.29 3244 0.01 0.27
50 0:00.13 3232 0.01 0.11
